0.11 0.003530204681
0.33 0.003312148117
0.54 0.002973180588
0.75 0.002646939020
0.97 0.002268210052
1.18 0.002097458989
1.40 0.001854911504
1.61 0.002038347150
1.82 0.002368020125
2.04 0.002283266971
2.25 0.002386274204
2.47 0.002419569080
2.68 0.003129251744
2.90 0.003775136093
3.11 0.003911840764
3.32 0.003665135043
3.54 0.003250690676
3.75 0.003175604475
3.97 0.002853156484
4.18 0.003032662250
4.39 0.003373111683
4.61 0.003250690676
4.82 0.003524978651
5.04 0.003216138751
5.25 0.002900627937
5.47 0.002465695899
5.68 0.002178490865
5.89 0.001924523112
6.11 0.001870721786
6.32 0.002154493106
6.54 0.001930796721
6.75 0.001718804263
6.96 0.001771947206
7.18 0.001771947206
7.39 0.001981083571
7.61 0.001938143203
7.82 0.001782581322
8.03 0.001520760132
8.25 0.001022422214
8.46 0.000688966965
8.68 0.000449770735
8.89 0.000387569016
9.11 0.000402353861
9.32 0.000535166861
9.53 0.000660727054
9.75 0.000583836954
9.96 0.000495175242
10.2 0.000391621999
10.4 0.000293858291
10.6 0.000159408549
10.8 3.83018487e-05